modelID = 522
posX = 166.33007812
posY = -35.56513595
posZ = 1.14372491
rotZ = 91.55760192
color1 = 190
color2 = 143
