modelID = 522
posX = 166.60939025
posY = -33.00424575
posZ = 1.14415657
rotZ = 62.26410675
color1 = 226
color2 = 174
