modelID = 522
posX = 163.14996337
posY = -25.47197341
posZ = 1.14242458
rotZ = 21.45067977
color1 = 187
color2 = 168
