modelID = 522
posX = 161.92427062
posY = -22.35425949
posZ = 1.14389944
rotZ = 21.44675064
color1 = 154
color2 = 230
