modelID = 522
posX = 161.27384948
posY = -20.88353538
posZ = 1.14274406
rotZ = 24.25302505
color1 = 132
color2 = 215
