modelID = 522
posX = 166.21170043
posY = -17.62703514
posZ = 1.14220178
rotZ = 314.09033203
color1 = 233
color2 = 151
