modelID = 522
posX = 168.02622985
posY = -15.86695194
posZ = 1.14356660
rotZ = 314.08190917
color1 = 164
color2 = 182
