modelID = 522
posX = 169.03291320
posY = -14.89145851
posZ = 1.14356100
rotZ = 314.07980346
color1 = 230
color2 = 208
