modelID = 522
posX = 169.28283691
posY = -14.64939594
posZ = 1.14248526
rotZ = 314.07931518
color1 = 172
color2 = 250
