X = 1959.81323242
Y = 1344.90246582
Z = 15.37460708
Type = 0
