owner = XpresS
CarType = 512
posX = 0.00000000
posY = 0.00000000
posZ = 0.00000000
posA = 0.00000000
paintjob1 = 16
paintjob2 = 7
