posX = 272.38549804
posY = 308.26129150
posZ = 999.14843750
price = -159383552
isOwned = false
isLocked = false
interiorID = 2
owner = Mesto
Money = 0
MoneyLevel = 1
