posX = 379.18023681
posY = 433.56735229
posZ = 996.79748535
price = -159383552
isOwned = false
isLocked = false
interiorID = 0
owner = Mesto
Money = 0
MoneyLevel = 1
