posX = 269.55822753
posY = -10.42205142
posZ = 2.26921081
price = 1410065408
isOwned = false
isLocked = false
interiorID = 2
owner = Mesto
Money = 0
MoneyLevel = 1
