posX = 1961.42871093
posY = 1340.84277343
posZ = 15.37460708
price = 276447232
isOwned = false
isLocked = false
interiorID = 1
owner = Mesto
Money = 0
MoneyLevel = 1
