posX = 2458.04711914
posY = -1693.76696777
posZ = 1013.50781250
price = 0
isOwned = false
isLocked = false
interiorID = 0
owner = Mesto
Money = 0
MoneyLevel = 1
