posX = 707.62884521
posY = 270.70452880
posZ = 21.43600082
price = -159383552
isOwned = false
isLocked = false
interiorID = 1
owner = Mesto
Money = 0
MoneyLevel = 1
