posX = 1955.37487792
posY = 1340.06787109
posZ = 15.37460708
price = 1
isOwned = false
isLocked = false
interiorID = 1
owner = Mesto
Money = 0
MoneyLevel = 1
