posX = 2458.04711914
posY = -1693.76696777
posZ = 18.97343254
price = 20
isOwned = false
isLocked = false
interiorID = 1
owner = Mesto
Money = 0
MoneyLevel = 1
