posX = 2022.62316894
posY = 1341.36352539
posZ = 10.82031250
price = 20
isOwned = false
isLocked = false
interiorID = 1
owner = Mesto
Money = 0
MoneyLevel = 1
