posX = 125.39977264
posY = -74.84066772
posZ = 1.57812500
price = 15000
isOwned = false
isLocked = false
interiorID = 2
owner = Mesto
Money = 0
MoneyLevel = 1
