posX = 268.82009887
posY = -25.52748680
posZ = 1.98069667
price = 10
isOwned = false
isLocked = false
interiorID = 2
owner = Mesto
Money = 0
MoneyLevel = 1
