posX = 266.09561157
posY = -10.75215244
posZ = 2.25807499
price = 1316134912
isOwned = false
isLocked = false
interiorID = 2
owner = Mesto
Money = 0
MoneyLevel = 1
