posX = 376.91259765
posY = 422.88211059
posZ = 996.79748535
price = -159383552
isOwned = false
isLocked = false
interiorID = 0
owner = Mesto
Money = 0
MoneyLevel = 1
