posX = 1731.30627441
posY = -1607.48620605
posZ = 13.54687500
price = 10
isOwned = false
isLocked = false
interiorID = 1
owner = Mesto
Money = 0
MoneyLevel = 1
