posX = 2011.27661132
posY = 1341.51879882
posZ = 10.93639469
price = 20
isOwned = false
isLocked = false
interiorID = 1
owner = Mesto
Money = 0
MoneyLevel = 1
