posX = 381.58584594
posY = 444.15567016
posZ = 996.79748535
price = -159383552
isOwned = false
isLocked = false
interiorID = 1
owner = Mesto
Money = 0
MoneyLevel = 1
