posX = 275.91180419
posY = -21.27315139
posZ = 2.21383476
price = 10
isOwned = false
isLocked = false
interiorID = 2
owner = Mesto
Money = 0
MoneyLevel = 1
