posX = 1959.05322265
posY = 1340.16772460
posZ = 15.37460708
price = 0
isOwned = false
isLocked = false
interiorID = 1
owner = Mesto
Money = 0
MoneyLevel = 1
