posX = 2492.42163085
posY = -1695.26062011
posZ = 1014.75170898
price = 0
isOwned = false
isLocked = false
interiorID = 0
owner = Mesto
Money = 0
MoneyLevel = 1
