posX = 273.50656127
posY = -12.72783946
posZ = 2.16392350
price = 10000000
isOwned = false
isLocked = false
interiorID = 2
owner = Mesto
Money = 0
MoneyLevel = 1
