posX = 401.74404907
posY = 421.60607910
posZ = 996.79748535
price = -159383552
isOwned = false
isLocked = false
interiorID = 1
owner = Mesto
Money = 0
MoneyLevel = 1
