posX = 2472.65405273
posY = -1676.44335937
posZ = 13.33369350
price = 0
isOwned = false
isLocked = false
interiorID = 0
owner = Mesto
Money = 0
MoneyLevel = 1
