posX = 1960.34680175
posY = 1345.82934570
posZ = 15.37460708
price = -159383552
isOwned = false
isLocked = false
interiorID = 1
owner = Mesto
Money = 0
MoneyLevel = 1
