posX = 269.01522827
posY = -30.85978889
posZ = 1.93332815
price = 10
isOwned = false
isLocked = false
interiorID = 2
owner = Mesto
Money = 0
MoneyLevel = 1
