posX = 276.33200073
posY = -16.98801803
posZ = 2.20887064
price = 10000000
isOwned = false
isLocked = false
interiorID = 2
owner = Mesto
Money = 0
MoneyLevel = 1
