posX = 126.66474151
posY = -71.88776397
posZ = 1.57812500
price = 15000
isOwned = false
isLocked = false
interiorID = 2
owner = Mesto
Money = 0
MoneyLevel = 1
isVIP = 0
