posX = 271.59838867
posY = -26.19212341
posZ = 2.06560063
price = 10
isOwned = false
isLocked = false
interiorID = 2
owner = Mesto
Money = 0
MoneyLevel = 1
