posX = 1728.87963867
posY = -1607.23962402
posZ = 13.54687500
price = 10
isOwned = false
isLocked = false
interiorID = 1
owner = Mesto
Money = 0
MoneyLevel = 1
