posX = 2476.96118164
posY = -1684.61071777
posZ = 13.41776561
price = 0
isOwned = false
isLocked = false
interiorID = 0
owner = Mesto
Money = 0
MoneyLevel = 1
