posX = 702.68170166
posY = 270.93145751
posZ = 21.18832206
price = -159383552
isOwned = false
isLocked = false
interiorID = 1
owner = Mesto
Money = 0
MoneyLevel = 1
