posX = 346.54409790
posY = 437.82699584
posZ = 996.79748535
price = -159383552
isOwned = false
isLocked = false
interiorID = 1
owner = Mesto
Money = 0
MoneyLevel = 1
