posX = 2024.44140625
posY = 1343.16967773
posZ = 10.82031250
price = 20
isOwned = false
isLocked = false
interiorID = 1
owner = Mesto
Money = 0
MoneyLevel = 1
