posX = 262.96990966
posY = -12.64900207
posZ = 2.17769122
price = -159383552
isOwned = false
isLocked = false
interiorID = 2
owner = Mesto
Money = 0
MoneyLevel = 1
