Password = 97321464
Bank = 0
Exp = 0
Level = 1
RidicakB = 0
Money = 0
Admin = 0
Kills = 0
Deaths = 0
Logins = 0
Min = 4
Skin = 0
Hour = 0
Sec = 40
PositionX = 1730.66137695
PositionY = -1604.49731445
PositionZ = 13.54687500
SpecCMD = 0.00000000
Angle = 180.93754577
Interior = 0
VirtualWorld = 0
Weapon1 = 0
Weapon2 = 0
Weapon3 = 0
Weapon4 = 0
Weapon5 = 0
Weapon6 = 0
Weapon7 = 0
Weapon8 = 0
Weapon9 = 0
Weapon10 = 0
Weapon11 = 0
Weapon12 = 0
Ammo1 = 0
Ammo2 = 0
Ammo3 = 0
Ammo4 = 0
Ammo5 = 0
Ammo6 = 0
Ammo7 = 0
Ammo8 = 0
Ammo9 = 0
Ammo10 = 0
Ammo11 = 0
Ammo12 = 0
HP = 100.00000000
Armour = 0.00000000
VIP = 0
CasVIP = 0
Wanted = 0
